252802691950
252802691951
252802691952
252802691953
252802691954
252802691955
252802691956
252802691957
252802691958
252802691959
252802691960
252802691961
252802691962
252802691963
252802691964
252802691965
252802691966
252802691967
252802691968
252802691969
252802691970
252802691971
252802691972
252802691973
252802691974
252802691975
252802691976
252802691977
252802691978
252802691979
252802691980
252802691981
252802691982
252802691983
252802691984
252802691985
252802691986
252802691987
252802691988
252802691989
252802691990
252802691991
252802691992
252802691993
252802691994
252802691995
252802691996
252802691997
252802691998
252802691999
252802692000
252802692001
252802692002
252802692003
252802692004
252802692005
252802692006
252802692007
252802692008
252802692009
252802692010
252802692011
252802692012
252802692013
252802692014
252802692015
252802692016
252802692017
252802692018
252802692019
252802692020
252802692021
252802692022
252802692023
252802692024
252802692025
252802692026
252802692027
252802692028
252802692029
252802692030
252802692031
252802692032
252802692033
252802692034
252802692035
252802692036
252802692037
252802692038
252802692039
252802692040
252802692041
252802692042
252802692043
252802692044
252802692045
252802692046
252802692047
252802692048
252802692049
252802692050
252802692051
252802692052
252802692053
252802692054
252802692055
252802692056
252802692057
252802692058
252802692059
252802692060
252802692061
252802692062
252802692063
252802692064
252802692065
252802692066
252802692067
252802692068
252802692069
252802692070
252802692071
252802692072
252802692073
252802692074
252802692075
252802692076
252802692077
252802692078
252802692079
252802692080
252802692081
252802692082
252802692083
252802692084
252802692085
252802692086
252802692087
252802692088
252802692089
252802692090
252802692091
252802692092
252802692093
252802692094
252802692095
252802692096
252802692097
252802692098
252802692099
252802692101
252802692102
252802692103
252802692104
252802692105
252802692106
252802692107
252802692108
252802692109
252802692110
252802692111
252802692112
252802692113
252802692114
252802692115
252802692116
252802692117
252802692118
252802692119
252802692120
252802692121
252802692122
252802692123
252802692124
252802692125
252802692126
252802692127
252802692128
252802692129
252802692130
252802692131
252802692132
252802692133
252802692134
252802692135
252802692136
252802692137
252802692138
252802692139
252802692140
252802692141
252802692142
252802692143
252802692144
252802692145
252802692146
252802692147
252802692148
